16,3
16,2
16,1
16,0
15,5
15,4
15,3
15,2
15,1
15,0
13,2
13,1
13,0
12,2
12,1
12,0
11,2
11,1
11,0
10,5
10,4
10,3
10,2
10,1
10,0
9,4
9,3
9,2
9,1
9,0
8,3
8,2
8,1
8,0
6,5
6,4
6,3
6,2
6,1
6,0
5,3
5,2
5,1
5,0
4,3
4,2
4,1
4,0
3,6
3,5
3,4
3,3
3,2
3,1
3,0
2,3
2,2
2,1
2,0
1,3
1,2
1,1
1,0
0,300
0,299
0,298
0,297
0,296
0,295
0,294
0,293
0,292
0,291
0,290
0,289
0,288
0,287
0,286
0,285
0,284
0,283
0,282
0,281
0,280
0,279
0,278
0,277
0,276
0,275
0,274
0,273
0,272
0,271
0,270
0,269
0,268
0,267
0,266
0,265
0,264
0,263
0,262
0,261
0,260
0,259
0,258
0,257
0,256
0,255
0,254
0,253
0,252
0,251
0,250
0,249
0,248
0,247
0,246
0,245
0,244
0,243
0,242
0,241
0,240
0,239
0,238
0,237
0,236
0,235
0,234
0,233
0,232
0,231
0,230
0,229
0,228
0,227
0,226
0,225
0,224
0,223
0,222
0,221
0,220
0,219
0,218
0,217
0,216
0,215
0,214
0,213
0,212
0,211
0,210
0,209
0,208
0,207
0,206
0,205
0,204
0,203
0,202
0,201
0,200
0,199
0,198
0,197
0,196
0,195
0,194
0,193
0,192
0,63
0,62
0,61
0,60
0,59
0,58
0,57
0,56
0,55
0,54
0,53
0,52
0,51
0,50
0,49
0,48
0,47
0,46
0,45
0,9
0,2
0,1
0,0
11,45
13,44
12,44
11,44
13,43
12,43
11,43
13,42
12,42
11,42
13,41
12,41
11,41
13,40
12,40
11,40
13,39
12,39
11,39
13,38
12,38
11,38
13,37
12,37
11,37
13,36
12,36
11,36
13,35
12,35
11,35
13,34
12,34
11,34
13,33
12,33
11,33
13,32
12,32
11,32
13,31
12,31
11,31
13,30
12,30
11,30
13,29
12,29
11,29
13,28
12,28
11,28
13,27
12,27
11,27
13,26
12,26
11,26
13,25
12,25
11,25
13,24
12,24
11,24
13,23
12,23
11,23
13,22
12,22
11,22
13,21
12,21
11,21
13,20
12,20
11,20
13,19
12,19
11,19
13,18
12,18
11,18
13,17
12,17
11,17
13,16
12,16
11,16
13,15
12,15
11,15
13,14
12,14
11,14
13,13
12,13
11,13
13,12
12,12
11,12
13,11
12,11
11,11
13,10
12,10
11,10
13,9
12,9
11,9
13,8
12,8
11,8
13,7
12,7
11,7
13,6
12,6
11,6
13,5
12,5
11,5
13,4
12,4
11,4
13,3
12,3
11,3
0,6
0,5
0,304
0,303
0,306
0,305
0,302
0,12
0,10
0,8
0,11
0,7
0,4
0,3
